2.75	-179.8
2.65	-179.3
2.55	-178.8
2.5	-178.3
2.45	-177.8
2.35	-177.3
2.25	-176.9
2.15	-176.4
2.1	-175.9
2.05	-175.4
1.95	-174.9
1.85	-174.4
1.8	-173.9
1.75	-173.4
1.65	-172.9
1.6	-172.4
1.5	-171.9
1.45	-171.4
1.35	-170.9
1.3	-170.4
1.2	-169.9
1.2	-169.4
1.1	-168.9
1	-168.4
1	-167.9
0.9	-167.4
0.8	-166.9
0.8	-166.4
0.7	-165.9
0.7	-165.4
0.6	-165
0.5	-164.5
0.5	-164
0.4	-163.5
0.4	-163
0.3	-162.5
0.25	-162
0.2	-161.5
0.15	-161
0.1	-160.5
0	-160
0	-159.5
-0.1	-159
-0.15	-158.5
-0.2	-158
-0.25	-157.5
-0.3	-157
-0.35	-156.5
-0.45	-156
-0.45	-155.5
-0.55	-155
-0.55	-154.5
-0.65	-154
-0.7	-153.5
-0.75	-153
-0.8	-152.5
-0.9	-152
-0.9	-151.6
-1	-151.1
-1	-150.6
-1.1	-150.1
-1.15	-149.6
-1.2	-149.1
-1.25	-148.6
-1.35	-148.1
-1.35	-147.6
-1.45	-147.1
-1.5	-146.6
-1.55	-146.1
-1.6	-145.6
-1.7	-145.1
-1.7	-144.6
-1.8	-144.1
-1.9	-143.6
-1.9	-143.1
-2	-142.6
-2.05	-142.1
-2.1	-141.6
-2.15	-141.1
-2.25	-140.7
-2.3	-140.2
-2.35	-139.7
-2.45	-139.2
-2.5	-138.7
-2.55	-138.2
-2.6	-137.7
-2.7	-137.2
-2.75	-136.7
-2.8	-136.2
-2.9	-135.7
-2.9	-135.2
-3	-134.7
-3.1	-134.2
-3.15	-133.7
-3.2	-133.2
-3.3	-132.7
-3.35	-132.2
-3.4	-131.7
-3.45	-131.2
-3.55	-130.7
-3.6	-130.2
-3.65	-129.7
-3.75	-129.2
-3.85	-128.7
-3.85	-128.2
-3.95	-127.7
-4.05	-127.2
-4.05	-126.7
-4.15	-126.2
-4.2	-125.7
-4.25	-125.2
-4.35	-124.7
-4.4	-124.3
-4.45	-123.8
-4.55	-123.3
-4.65	-122.8
-4.7	-122.3
-4.75	-121.8
-4.85	-121.3
-4.9	-120.8
-4.95	-120.3
-5.05	-119.8
-5.15	-119.3
-5.15	-118.8
-5.25	-118.3
-5.35	-117.8
-5.45	-117.3
-5.5	-116.8
-5.55	-116.3
-5.65	-115.8
-5.75	-115.3
-5.8	-114.8
-5.9	-114.3
-6	-113.8
-6.05	-113.3
-6.1	-112.8
-6.2	-112.3
-6.3	-111.8
-6.4	-111.3
-6.45	-110.8
-6.55	-110.3
-6.65	-109.8
-6.75	-109.3
-6.85	-108.8
-6.95	-108.3
-7	-107.8
-7.1	-107.3
-7.2	-106.8
-7.3	-106.3
-7.4	-105.8
-7.5	-105.3
-7.6	-104.8
-7.7	-104.3
-7.8	-103.8
-7.9	-103.3
-8	-102.8
-8.05	-102.3
-8.15	-101.8
-8.25	-101.3
-8.4	-100.8
-8.55	-100.3
-8.65	-99.8
-8.75	-99.3
-8.85	-98.8
-8.95	-98.3
-9.05	-97.8
-9.15	-97.3
-9.25	-96.8
-9.35	-96.3
-9.45	-95.8
-9.6	-95.3
-9.7	-94.8
-9.8	-94.3
-9.9	-93.8
-9.95	-93.3
-10.05	-92.8
-10.2	-92.3
-10.3	-91.8
-10.4	-91.3
-10.5	-90.7
-10.6	-90.2
-10.7	-89.7
-10.8	-89.2
-10.9	-88.7
-11	-88.2
-11.05	-87.6
-11.2	-87.1
-11.3	-86.6
-11.35	-86.1
-11.45	-85.5
-11.5	-85
-11.6	-84.5
-11.7	-83.9
-11.75	-83.4
-11.85	-82.9
-11.9	-82.3
-11.9	-81.8
-12	-81.2
-12.05	-80.7
-12.15	-80.1
-12.15	-79.6
-12.2	-79
-12.2	-78.5
-12.3	-77.9
-12.3	-77.4
-12.3	-76.8
-12.3	-76.2
-12.35	-75.7
-12.35	-75.1
-12.3	-74.6
-12.3	-74
-12.3	-73.4
-12.3	-72.9
-12.25	-72.3
-12.25	-71.7
-12.2	-71.2
-12.15	-70.6
-12.15	-70.1
-12.05	-69.5
-12	-69
-11.95	-68.4
-11.8	-67.8
-11.75	-67.3
-11.65	-66.8
-11.55	-66.2
-11.45	-65.7
-11.35	-65.1
-11.25	-64.6
-11.1	-64.1
-10.95	-63.5
-10.85	-63
-10.7	-62.5
-10.55	-62
-10.4	-61.5
-10.25	-60.9
-10.1	-60.4
-10	-59.9
-9.8	-59.4
-9.65	-58.9
-9.45	-58.4
-9.3	-57.9
-9.1	-57.4
-8.9	-57
-8.75	-56.5
-8.55	-56
-8.35	-55.5
-8.1	-55
-7.95	-54.5
-7.75	-54
-7.55	-53.5
-7.3	-53.1
-7.15	-52.6
-6.9	-52.1
-6.7	-51.6
-6.5	-51.1
-6.25	-50.6
-6	-50.1
-5.8	-49.6
-5.6	-49.2
-5.35	-48.7
-5.15	-48.2
-4.9	-47.7
-4.7	-47.2
-4.45	-46.7
-4.2	-46.2
-3.95	-45.7
-3.75	-45.3
-3.5	-44.8
-3.25	-44.3
-3	-43.8
-2.75	-43.3
-2.5	-42.8
-2.3	-42.3
-2.05	-41.8
-1.8	-41.3
-1.55	-40.8
-1.3	-40.3
-1.05	-39.8
-0.8	-39.4
-0.55	-38.9
-0.35	-38.4
-0.1	-37.9
0.15	-37.4
0.4	-36.9
0.6	-36.4
0.85	-35.9
1.1	-35.4
1.3	-34.9
1.55	-34.4
1.8	-33.9
2.05	-33.4
2.2	-32.9
2.45	-32.4
2.7	-31.9
2.9	-31.4
3.1	-31
3.35	-30.5
3.5	-30
3.75	-29.5
3.95	-29
4.15	-28.5
4.35	-28
4.6	-27.5
4.8	-27
4.95	-26.5
5.15	-26
5.35	-25.5
5.5	-25
5.7	-24.5
5.9	-24
6.05	-23.5
6.2	-23
6.4	-22.5
6.6	-22
6.7	-21.6
6.9	-21.1
7.05	-20.6
7.15	-20.1
7.35	-19.6
7.5	-19.1
7.6	-18.6
7.75	-18.1
7.9	-17.6
8.05	-17.1
8.1	-16.6
8.25	-16.1
8.4	-15.6
8.5	-15.1
8.6	-14.6
8.7	-14.1
8.85	-13.6
8.95	-13.2
9	-12.7
9.1	-12.2
9.2	-11.7
9.3	-11.2
9.35	-10.7
9.45	-10.2
9.55	-9.7
9.6	-9.2
9.65	-8.7
9.75	-8.2
9.8	-7.7
9.9	-7.2
9.9	-6.7
9.95	-6.2
10.05	-5.8
10.1	-5.3
10.1	-4.8
10.15	-4.3
10.2	-3.8
10.25	-3.3
10.25	-2.8
10.3	-2.3
10.35	-1.8
10.4	-1.3
10.45	-0.8
10.4	-0.3
10.45	0.2
10.5	0.6
10.5	1.1
10.55	1.6
10.5	2.1
10.55	2.6
10.55	3.1
10.6	3.6
10.55	4.1
10.55	4.6
10.6	5.1
10.6	5.6
10.6	6.1
10.55	6.5
10.6	7
10.6	7.5
10.6	8
10.6	8.5
10.55	9
10.55	9.5
10.6	10
10.6	10.5
10.55	11
10.55	11.5
10.55	12
10.55	12.4
10.55	12.9
10.5	13.4
10.5	13.9
10.45	14.4
10.45	14.9
10.4	15.4
10.4	15.9
10.4	16.4
10.4	16.9
10.35	17.4
10.3	17.8
10.3	18.3
10.3	18.8
10.3	19.3
10.2	19.8
10.2	20.3
10.2	20.8
10.1	21.3
10.1	21.8
10.1	22.3
10.05	22.8
10	23.2
9.95	23.7
9.95	24.2
9.85	24.7
9.85	25.2
9.8	25.7
9.75	26.2
9.7	26.7
9.7	27.2
9.6	27.7
9.6	28.2
9.55	28.7
9.45	29.2
9.45	29.6
9.4	30.1
9.35	30.6
9.3	31.1
9.2	31.6
9.2	32.1
9.1	32.6
9.05	33.1
9.05	33.6
8.95	34.1
8.9	34.6
8.85	35.1
8.8	35.6
8.75	36.1
8.7	36.6
8.6	37
8.55	37.5
8.5	38
8.45	38.5
8.4	39
8.35	39.5
8.25	40
8.25	40.5
8.15	41
8.1	41.5
8.1	42
8	42.5
7.95	43
7.95	43.5
7.85	44
7.8	44.5
7.75	45
7.75	45.5
7.7	46
7.65	46.5
7.6	47
7.6	47.5
7.55	48
7.5	48.5
7.45	49
7.45	49.5
7.4	50
7.4	50.5
7.4	51
7.35	51.5
7.3	52
7.3	52.5
7.25	53
7.25	53.5
7.25	54
7.25	54.5
7.25	55.1
7.2	55.6
7.2	56.1
7.2	56.6
7.2	57.1
7.2	57.6
7.2	58.1
7.2	58.6
7.2	59.1
7.2	59.6
7.2	60.1
7.25	60.6
7.25	61.1
7.25	61.6
7.25	62.1
7.25	62.6
7.25	63.1
7.3	63.6
7.3	64.1
7.3	64.6
7.3	65.1
7.3	65.7
7.35	66.2
7.4	66.7
7.4	67.2
7.4	67.7
7.4	68.2
7.4	68.7
7.45	69.2
7.5	69.7
7.5	70.2
7.5	70.7
7.5	71.2
7.55	71.7
7.6	72.2
7.6	72.7
7.6	73.2
7.6	73.7
7.65	74.2
7.7	74.7
7.7	75.2
7.7	75.7
7.75	76.2
7.75	76.7
7.75	77.2
7.8	77.7
7.8	78.2
7.85	78.7
7.85	79.2
7.85	79.7
7.85	80.2
7.95	80.7
7.95	81.2
7.95	81.7
7.95	82.2
7.95	82.7
8	83.2
8	83.7
8	84.3
8.05	84.8
8.05	85.3
8.1	85.8
8.1	86.3
8.1	86.8
8.1	87.3
8.1	87.8
8.15	88.3
8.15	88.8
8.15	89.3
8.15	89.8
8.15	90.3
8.15	90.8
8.15	91.3
8.15	91.8
8.2	92.3
8.2	92.8
8.2	93.3
8.2	93.8
8.2	94.3
8.2	94.8
8.2	95.3
8.15	95.8
8.15	96.3
8.15	96.8
8.15	97.3
8.15	97.8
8.15	98.3
8.1	98.8
8.1	99.3
8.1	99.8
8.1	100.3
8.1	100.8
8.05	101.3
8.05	101.8
8.05	102.3
8.05	102.8
8	103.3
8	103.8
8	104.3
8	104.8
7.95	105.3
7.95	105.8
7.95	106.3
7.95	106.8
7.9	107.3
7.9	107.8
7.9	107.8
7.9	108.3
7.9	108.8
7.85	109.3
7.85	109.8
7.85	110.3
7.85	110.8
7.8	111.3
7.75	111.9
7.75	112.4
7.75	112.9
7.75	113.4
7.75	113.9
7.75	114.4
7.75	114.9
7.75	115.4
7.75	115.9
7.7	116.4
7.7	116.9
7.7	117.4
7.7	117.9
7.7	118.4
7.7	118.9
7.7	119.4
7.65	120
7.7	120.5
7.7	121
7.7	121.5
7.7	122
7.7	122.5
7.7	123
7.7	123.5
7.7	124
7.7	124.5
7.75	125
7.75	125.5
7.75	126
7.75	126.5
7.75	127
7.75	127.5
7.75	128
7.8	128.5
7.8	129
7.8	129.5
7.8	130
7.8	130.5
7.8	131
7.8	131.5
7.85	132
7.85	132.5
7.85	133
7.85	133.5
7.85	134
7.85	134.5
7.85	135
7.85	135.5
7.85	136
7.85	136.5
7.85	137
7.85	137.5
7.85	138
7.85	138.5
7.85	139
7.85	139.5
7.85	140
7.85	140.5
7.8	141
7.8	141.5
7.75	141.9
7.75	142.4
7.75	142.9
7.75	143.4
7.7	143.9
7.7	144.4
7.7	144.9
7.65	145.4
7.6	145.9
7.6	146.4
7.6	146.9
7.55	147.4
7.5	147.9
7.5	148.4
7.45	148.9
7.45	149.4
7.4	149.8
7.35	150.3
7.35	150.8
7.25	151.3
7.25	151.8
7.2	152.3
7.15	152.8
7.1	153.3
7.05	153.8
7	154.3
6.95	154.8
6.9	155.2
6.85	155.7
6.8	156.2
6.7	156.7
6.7	157.2
6.6	157.7
6.6	158.2
6.5	158.7
6.4	159.2
6.4	159.7
6.3	160.1
6.2	160.6
6.15	161.1
6.1	161.6
6	162.1
5.95	162.6
5.85	163.1
5.8	163.6
5.7	164
5.6	164.5
5.55	165
5.45	165.5
5.35	166
5.3	166.5
5.2	167
5.1	167.5
5	168
4.95	168.4
4.85	168.9
4.75	169.4
4.65	169.9
4.6	170.4
4.5	170.9
4.4	171.4
4.3	171.9
4.2	172.3
4.1	172.8
4	173.3
3.9	173.8
3.8	174.3
3.7	174.8
3.65	175.3
3.55	175.8
3.5	176.3
3.4	176.8
3.3	177.2
3.2	177.7
3.1	178.2
3	178.7
2.95	179.2
2.85	179.7
